255 255 255
255 255 251
255 254 247
255 253 243
254 252 239
254 251 235
254 250 231
253 249 227
253 248 223
252 247 219
252 246 215
252 245 211
251 244 207
251 243 203
251 242 199
250 241 195
250 240 191
249 239 187
249 238 183
249 237 179
248 236 175
248 235 171
248 234 167
247 233 163
247 233 159
246 232 155
246 231 151
246 230 147
245 229 143
245 228 139
245 227 135
244 226 131
244 225 127
243 224 123
243 223 119
243 222 115
242 221 111
242 220 107
241 219 103
241 218 99
241 217 95
240 216 91
240 215 87
240 214 83
239 213 79
239 212 75
238 211 71
238 210 67
238 209 63
237 208 59
237 207 55
237 206 51
236 205 47
236 204 43
235 203 39
235 202 35
235 201 31
234 201 27
234 200 23
234 199 19
233 198 15
233 197 11
232 196 7
232 195 3
232 194 0
231 193 0
231 192 0
231 191 0
230 190 0
230 189 0
230 188 0
230 187 0
229 186 0
229 186 0
229 185 0
228 184 0
228 183 0
228 182 0
227 181 0
227 180 0
227 179 0
226 178 0
226 177 0
226 176 0
225 176 0
225 175 0
225 174 0
224 173 0
224 172 0
224 171 0
224 170 0
223 169 0
223 168 0
223 167 0
222 166 0
222 166 0
222 165 0
221 164 0
221 163 0
221 162 0
220 161 0
220 160 0
220 159 0
219 158 0
219 157 0
219 156 0
219 156 1
218 155 1
218 154 1
218 153 1
217 152 1
217 151 1
217 150 1
216 149 1
216 148 1
216 147 1
215 146 1
215 146 1
215 145 1
214 144 1
214 143 1
214 142 1
213 141 1
213 140 1
213 139 1
213 138 1
212 137 1
212 136 1
212 136 1
211 135 1
211 134 1
211 133 1
211 133 1
210 132 1
210 131 1
210 130 1
209 130 1
209 129 1
209 128 1
209 127 1
208 126 1
208 126 1
208 125 1
208 124 1
207 123 1
207 123 1
207 122 1
207 121 1
206 120 1
206 120 1
206 119 0
205 118 0
205 117 0
205 117 0
205 116 0
204 115 0
204 114 0
204 113 0
204 113 0
203 112 0
203 111 0
203 110 0
203 110 0
202 109 0
202 108 0
202 107 0
201 107 0
201 106 0
201 105 0
201 104 0
200 104 0
200 103 0
200 102 0
200 101 0
199 100 0
199 100 0
199 99 0
199 98 0
198 97 0
198 97 0
198 96 0
197 95 0
197 94 0
197 94 0
197 93 0
196 92 0
196 91 0
196 91 0
196 90 0
195 89 0
195 88 0
195 88 0
195 87 0
194 86 0
194 85 0
194 85 0
194 84 0
193 83 0
193 82 0
193 82 0
193 81 0
192 80 0
192 80 0
192 79 0
192 78 0
191 77 0
191 77 0
191 76 0
191 75 0
190 75 0
190 74 0
190 73 0
190 72 0
189 72 0
189 71 0
189 70 0
189 70 0
188 69 0
188 68 0
188 67 0
188 67 0
188 66 0
187 65 0
187 65 0
187 64 0
187 63 0
186 62 0
186 62 0
186 61 0
186 60 0
185 60 0
185 59 0
185 58 0
185 57 0
184 57 0
184 56 0
184 55 0
184 55 0
183 54 0
183 53 0
183 52 0
183 52 0
182 51 0
182 50 0
182 50 0
182 49 0
181 48 0
181 47 0
181 47 0
181 46 0
180 45 0
180 45 0
180 44 0
180 43 0
180 42 0
179 42 0